0.789909
0.80042
0.784641
0.775324
0.842513
0.811926
0.756673
0.801928
0.781125
0.784641
0.786047
0.801928
0.753732
0.817218
0.756193
0.786406
0.801894
0.786406
0.778198
0.801772
0.786406
0.784641
0.764354
0.80042
0.789909
0.798708
0.805013
0.801894
0.786825
0.836255
0.856475
0.784641
0.819958
0.778198
0.802734
0.81912
0.803686
0.856475
0.784641
0.856475
0.807175
0.771512
0.778286
0.878683
0.789909
0.792705
0.819958
0.80412
0.803686
0.81912
0.822123
0.799588
0.80042
0.798469
0.870198
0.769602
0.789447
0.781636
0.83753
0.786406
0.801928
0.84083
0.807176
0.789909
0.801928
0.786348
0.784641
0.819958
0.847484
0.803686
0.784641
0.768551
0.811926
0.801928
0.794475
0.842513
0.83753
0.836255
0.798755
0.796776
0.771512
0.801928
0.765478
0.801928
0.783585
0.783387
0.807175
0.811926
0.817329
0.803686
0.807176
0.786406
0.795695
0.794533
0.858455
0.842513
0.786863
0.789447
0.84191
0.798755
