0.429764
0.376237
0.438431
0.457985
0.440053
0.402443
0.475018
0.462736
0.477471
0.365604
0.374807
0.399967
0.4347
0.40006
0.490223
0.402946
0.435422
0.403351
0.433045
0.453216
0.438287
0.445047
0.384656
0.39478
0.437361
0.405853
0.460447
0.490584
0.393607
0.367269
0.371523
0.479283
0.369173
0.41758
0.466423
0.452022
0.366236
0.481905
0.379775
0.414925
0.419727
0.44615
0.353431
0.506741
0.400996
0.445259
0.467524
0.366191
0.502707
0.392495
0.367661
0.364531
0.461182
0.401224
0.414319
0.464897
0.470353
0.432949
0.381111
0.435628
0.455053
0.337129
0.405297
0.384797
0.453156
0.503109
0.445532
0.326779
0.420522
0.346975
0.440379
0.43002
0.488949
0.48042
0.381534
0.492283
0.45076
0.365879
0.35875
0.482658
0.494926
0.482382
0.49226
0.431297
0.466902
0.52471
0.471381
0.366467
0.501782
0.439007
0.4564
0.426413
0.405808
0.389324
0.44856
0.373298
0.449903
0.454177
0.467884
0.433447
