0.393409
0.458664
0.437476
0.428316
0.411323
0.416443
0.498988
0.435665
0.416373
0.418572
0.422757
0.40721
0.411542
0.433343
0.445034
0.448821
0.41522
0.463181
0.435638
0.42047
0.450229
0.426547
0.430997
0.41473
0.422097
0.422097
0.436557
0.429834
0.431816
0.426456
0.415001
0.425859
0.424641
0.444547
0.429582
0.444547
0.414054
0.420041
0.436628
0.415895
0.432363
0.444547
0.458681
0.434716
0.453503
0.420425
0.417377
0.431203
0.414161
0.423595
0.433358
0.393096
0.425859
0.434212
0.42633
0.408
0.45548
0.444547
0.419387
0.444452
0.443816
0.424361
0.419546
0.458199
0.415895
0.443961
0.437476
0.415895
0.443739
0.430337
0.410618
0.418688
0.431352
0.418121
0.435771
0.436637
0.462743
0.412397
0.407468
0.435665
0.474972
0.434212
0.420273
0.430427
0.418272
0.433984
0.423486
0.435665
0.425197
0.436849
0.433358
0.431352
0.4161
0.465575
0.381869
0.458272
0.464233
0.448247
0.448821
0.450029
