0.684108
0.514825
0.623029
0.659852
0.555863
0.709022
0.493714
0.571318
0.64495
0.471413
0.59866
0.541017
0.584518
0.473146
0.613872
0.563123
0.505768
0.584785
0.47813
0.67431
0.613798
0.595
0.437867
0.628812
0.546549
0.675799
0.565557
0.636099
0.634273
0.623805
0.647115
0.66172
0.59565
0.576923
0.667591
0.530435
0.577493
0.686433
0.576066
0.582011
0.601282
0.58214
0.728771
0.758242
0.666116
0.58636
0.622751
0.623445
0.592448
0.545134
0.66825
0.551768
0.624396
0.493705
0.667798
0.613876
0.586295
0.6375
0.542005
0.491669
0.609254
0.609254
0.646638
0.573651
0.498408
0.60456
0.558014
0.662048
0.629494
0.669127
0.570214
0.560182
0.682675
0.679583
0.415073
0.622222
0.645373
0.612368
0.601307
0.653447
0.605774
0.656801
0.654408
0.610449
0.548248
0.580809
0.605505
0.596206
0.606952
0.621768
0.526089
0.602728
0.674133
0.652736
0.657277
0.559515
0.567156
0.615836
0.61045
0.669732
