0.974992
0.974992
0.974992
0.974992
0.949968
0.974992
0.953614
0.909056
1
0.921273
0.949968
1
1
0.974992
1
1
0.953614
1
0.953614
0.949968
0.947214
0.953614
1
0.953614
1
0.974992
0.974992
1
1
0.974992
1
0.953614
0.974992
0.974992
0.928548
0.974992
1
0.925833
0.953614
0.974992
1
0.949968
1
0.949968
0.949968
0.974992
1
1
0.953614
1
0.974992
1
1
0.974992
0.974992
0.974992
0.949968
1
0.953614
1
0.949968
0.922189
1
1
1
1
0.974992
1
0.974992
0.974992
0.974992
0.953614
0.974992
0.953614
0.974992
0.974992
1
1
0.974992
0.974992
0.974992
0.974992
0.947214
1
1
0.974992
1
1
0.953614
0.953614
0.974992
0.974992
1
0.974992
1
0.953614
0.974992
0.974992
0.974992
0.928548
