0.601307
0.455939
0.447402
0.584934
0.607587
0.458918
0.648465
0.60153
0.557935
0.465996
0.427414
0.625369
0.629085
0.571113
0.475915
0.548523
0.722646
0.674015
0.616713
0.50759
0.601653
0.489703
0.586098
0.633414
0.426682
0.630551
0.537671
0.503712
0.544218
0.700922
0.614865
0.524184
0.666667
0.532407
0.57741
0.581731
0.528702
0.621183
0.508728
0.60456
0.471871
0.465875
0.572751
0.635213
0.583208
0.54584
0.505688
0.495965
0.501169
0.643603
0.60474
0.735397
0.68944
0.44992
0.497645
0.504164
0.469722
0.630576
0.570634
0.621776
0.557214
0.534086
0.407469
0.522579
0.47295
0.490654
0.601949
0.503061
0.569591
0.56169
0.484241
0.510432
0.593977
0.54529
0.531113
0.616517
0.604126
0.425487
0.492875
0.433856
0.550278
0.411964
0.55831
0.701477
0.500924
0.570278
0.550416
0.661843
0.555404
0.456897
0.532497
0.661481
0.536924
0.582131
0.551827
0.426036
0.550018
0.69967
0.503846
0.484545
