0.785951
0.755048
0.768151
0.798927
0.768151
0.768151
0.768151
0.755048
0.755048
0.792935
0.792935
0.785951
0.792935
0.785951
0.768151
0.780415
0.792935
0.755048
0.785951
0.792935
0.785951
0.798927
0.755048
0.798927
0.768151
0.792935
0.798927
0.755048
0.755048
0.755048
0.755048
0.785951
0.798927
0.780415
0.785951
0.785951
0.798927
0.755048
0.798927
0.755048
0.780415
0.798927
0.785951
0.798927
0.755048
0.780415
0.755048
0.755048
0.798927
0.768151
0.755048
0.792935
0.785951
0.785951
0.755048
0.792935
0.768151
0.768151
0.785951
0.798927
0.792935
0.755048
0.785951
0.755048
0.755048
0.792935
0.798927
0.749056
0.755048
0.792935
0.780415
0.785951
0.785951
0.798927
0.785951
0.755048
0.785951
0.768151
0.755048
0.768151
0.755048
0.798927
0.785951
0.792935
0.785951
0.792935
0.785951
0.785951
0.755048
0.785951
0.768151
0.798927
0.792935
0.755048
0.780415
0.780415
0.780415
0.755048
0.798927
0.792935
