0.58605
0.63955
0.553528
0.528702
0.58373
0.583994
0.567464
0.599794
0.569106
0.624369
0.541363
0.566745
0.646663
0.594237
0.555694
0.494748
0.522124
0.655641
0.531456
0.588099
0.640212
0.593088
0.600149
0.5464
0.607385
0.636833
0.663494
0.463465
0.572006
0.572608
0.537515
0.662675
0.536082
0.605231
0.491935
0.506234
0.609719
0.608987
0.601982
0.680823
0.603884
0.536877
0.515944
0.661064
0.617265
0.56235
0.658905
0.538462
0.547095
0.630445
0.547095
0.60952
0.546891
0.601709
0.663192
0.591549
0.442585
0.552095
0.587014
0.526681
0.569383
0.644972
0.640693
0.633554
0.454661
0.529426
0.603613
0.561056
0.668573
0.634896
0.66481
0.645654
0.694333
0.549953
0.622751
0.427196
0.55832
0.598291
0.634567
0.58173
0.603884
0.626621
0.526186
0.55831
0.549741
0.715107
0.543561
0.628539
0.581476
0.563123
0.644136
0.643094
0.578667
0.53068
0.628539
0.414138
0.584258
0.610184
0.513263
0.610846
