0.751111
0.650894
0.689655
0.719007
0.608835
0.697813
0.821473
0.685739
0.769204
0.571043
0.801129
0.781065
0.626857
0.840682
0.82963
0.81144
0.833272
0.81982
0.830052
0.68438
0.708061
0.707373
0.723147
0.731364
0.83438
0.818313
0.826554
0.750257
0.656886
0.837937
0.652736
0.69546
0.808279
0.720609
0.734957
0.804844
0.767778
0.69546
0.797688
0.769354
0.765262
0.660742
0.783005
0.783902
0.672176
0.822845
0.699787
0.840117
0.667968
0.708315
0.653722
0.642833
0.743781
0.711351
0.830052
0.841569
0.795244
0.672755
0.780213
0.666667
0.795866
0.750399
0.781065
0.755106
0.528257
0.812227
0.670689
0.656596
0.777216
0.840117
0.689038
0.693333
0.802867
0.796118
0.698832
0.762487
0.638889
0.870272
0.67035
0.816072
0.58002
0.692277
0.833272
0.727475
0.751111
0.804598
0.876824
0.735212
0.804124
0.56374
0.795511
0.762487
0.658908
0.66096
0.756426
0.792316
0.808889
0.737767
0.862192
0.693333
