0.974992
1
1
1
1
0.974992
0.974992
0.949968
0.953614
0.974992
0.974992
1
0.928548
0.922189
0.949968
0.974992
0.974992
0.974992
1
1
1
0.953614
0.974992
1
0.974992
0.974992
0.934183
1
0.974992
0.974992
0.974992
0.974992
1
0.928548
0.949968
0.928548
1
0.953614
1
0.974992
1
0.925833
0.953614
0.949968
1
1
0.953614
1
0.953614
1
0.953614
0.974992
1
0.974992
0.974992
0.974992
1
0.974992
0.953614
1
0.974992
0.897145
1
0.974992
0.974992
0.974992
0.949968
0.974992
0.974992
1
0.949968
0.922189
0.974992
0.928548
1
0.974992
0.974992
0.974992
0.928548
0.949968
0.953614
0.974992
0.949968
1
0.974992
0.949968
0.949968
0.949968
0.974992
0.974992
1
0.974992
0.974992
0.974992
0.934183
0.949968
0.974992
0.974992
1
1
