0.500611
0.647439
0.583267
0.560764
0.636566
0.579325
0.511834
0.496492
0.54589
0.580929
0.537529
0.625758
0.524829
0.474198
0.416752
0.497268
0.43683
0.575539
0.610611
0.613157
0.557708
0.56797
0.51374
0.488633
0.476473
0.62247
0.658251
0.547514
0.554363
0.575636
0.68175
0.435814
0.589575
0.411796
0.432193
0.412643
0.51236
0.488152
0.569106
0.471035
0.547235
0.416301
0.485277
0.513978
0.641655
0.552461
0.73866
0.646815
0.669495
0.495724
0.603342
0.481688
0.545491
0.553431
0.454073
0.493162
0.454946
0.586177
0.494726
0.552118
0.47814
0.44479
0.616791
0.530896
0.440369
0.48417
0.59609
0.534908
0.480539
0.497207
0.423579
0.629956
0.473719
0.497238
0.580144
0.488636
0.468653
0.571938
0.587358
0.495692
0.522752
0.462778
0.575329
0.520842
0.727333
0.750445
0.601158
0.596691
0.59841
0.64369
0.559131
0.401626
0.622075
0.54965
0.483318
0.547776
0.680018
0.438169
0.462222
0.459949
